>GAGAAGAA	1-GAGAAGAA	7.603610	-34.405069	0	T:13.0(30.95%),B:0.6(0.66%),P:1e-14	Tpos:28.6,Tstd:20.9,Bpos:31.7,Bstd:5.3,StrandBias:10.0,Multiplicity:1.46
0.357	0.014	0.628	0.001
0.997	0.001	0.001	0.001
0.313	0.001	0.685	0.001
0.684	0.001	0.314	0.001
0.997	0.001	0.001	0.001
0.314	0.001	0.684	0.001
0.997	0.001	0.001	0.001
0.728	0.001	0.270	0.001
>TGGAGAGA	2-TGGAGAGA	6.291044	-28.734213	0	T:14.0(33.33%),B:2.5(2.87%),P:1e-12	Tpos:30.5,Tstd:21.8,Bpos:19.6,Bstd:6.6,StrandBias:10.0,Multiplicity:1.00
0.100	0.100	0.100	0.700
0.100	0.100	0.700	0.100
0.100	0.100	0.700	0.100
0.700	0.100	0.100	0.100
0.100	0.100	0.700	0.100
0.700	0.100	0.100	0.100
0.100	0.100	0.700	0.100
0.700	0.100	0.100	0.100
>CCTTGYYW	3-CCTTGYYW	6.371543	-27.275627	0	T:11.0(26.19%),B:0.6(0.66%),P:1e-11	Tpos:10.2,Tstd:3.1,Bpos:42.7,Bstd:14.5,StrandBias:10.0,Multiplicity:1.18
0.128	0.602	0.001	0.269
0.127	0.871	0.001	0.001
0.001	0.001	0.001	0.997
0.001	0.001	0.001	0.997
0.001	0.001	0.997	0.001
0.001	0.524	0.001	0.474
0.001	0.524	0.001	0.474
0.486	0.140	0.001	0.374
>TGTGTGTG	4-TGTGTGTG	6.472089	-11.677625	0	T:6.0(14.29%),B:1.8(2.09%),P:1e-5	Tpos:29.0,Tstd:23.7,Bpos:27.6,Bstd:10.5,StrandBias:10.0,Multiplicity:1.67
0.001	0.001	0.001	0.997
0.001	0.001	0.997	0.001
0.048	0.001	0.001	0.950
0.001	0.001	0.950	0.048
0.048	0.001	0.001	0.950
0.001	0.001	0.997	0.001
0.242	0.001	0.001	0.756
0.001	0.001	0.950	0.048
>KMATGAAA	5-KMATGAAA	5.707682	-10.005845	0	T:7.0(16.67%),B:2.2(2.52%),P:1e-4	Tpos:23.2,Tstd:27.7,Bpos:12.5,Bstd:5.1,StrandBias:10.0,Multiplicity:1.83
0.001	0.001	0.524	0.474
0.545	0.453	0.001	0.001
0.997	0.001	0.001	0.001
0.145	0.249	0.001	0.605
0.285	0.001	0.713	0.001
0.713	0.001	0.285	0.001
0.997	0.001	0.001	0.001
0.963	0.035	0.001	0.001
>AGAGAGAG	6-AGAGAGAG	6.291044	-4.267172	0	T:17.0(40.48%),B:21.9(24.95%),P:1e-1	Tpos:37.4,Tstd:21.0,Bpos:38.4,Bstd:56.5,StrandBias:10.0,Multiplicity:2.00
0.700	0.100	0.100	0.100
0.100	0.100	0.700	0.100
0.700	0.100	0.100	0.100
0.100	0.100	0.700	0.100
0.700	0.100	0.100	0.100
0.100	0.100	0.700	0.100
0.700	0.100	0.100	0.100
0.100	0.100	0.700	0.100
