>TACCTCTG	1-TACCTCTG	5.781574	-354.841552	0	T:129.0(14.54%),B:12.8(0.41%),P:1e-154	Tpos:10.4,Tstd:2.9,Bpos:13.1,Bstd:13.1,StrandBias:10.0,Multiplicity:1.00
0.001	0.012	0.012	0.975
0.997	0.001	0.001	0.001
0.001	0.987	0.011	0.001
0.001	0.987	0.001	0.011
0.001	0.001	0.001	0.997
0.037	0.873	0.089	0.001
0.059	0.154	0.068	0.719
0.128	0.245	0.430	0.197
>AATGTGAA	2-AATGTGAA	6.626757	-344.380311	0	T:114.0(12.85%),B:8.5(0.28%),P:1e-149	Tpos:8.4,Tstd:2.8,Bpos:9.5,Bstd:2.5,StrandBias:10.0,Multiplicity:1.01
0.741	0.100	0.158	0.001
0.811	0.162	0.009	0.018
0.008	0.001	0.001	0.990
0.001	0.001	0.997	0.001
0.001	0.001	0.001	0.997
0.001	0.001	0.930	0.068
0.971	0.027	0.001	0.001
0.853	0.108	0.001	0.038
>TGGTGCTA	3-TGGTGCTA	4.807655	-326.171760	0	T:178.0(20.07%),B:44.1(1.42%),P:1e-141	Tpos:10.8,Tstd:7.1,Bpos:9.8,Bstd:12.9,StrandBias:10.0,Multiplicity:1.06
0.049	0.001	0.004	0.946
0.001	0.001	0.994	0.004
0.001	0.120	0.878	0.001
0.001	0.001	0.001	0.997
0.001	0.001	0.997	0.001
0.001	0.997	0.001	0.001
0.004	0.020	0.001	0.975
0.582	0.001	0.151	0.266
>WGTGAGCC	4-WGTGAGCC	6.781145	-289.063174	0	T:116.0(13.08%),B:14.1(0.46%),P:1e-125	Tpos:8.6,Tstd:4.9,Bpos:7.6,Bstd:4.6,StrandBias:10.0,Multiplicity:1.04
0.265	0.179	0.167	0.389
0.166	0.138	0.611	0.085
0.001	0.001	0.001	0.997
0.001	0.001	0.997	0.001
0.997	0.001	0.001	0.001
0.200	0.001	0.717	0.082
0.001	0.917	0.081	0.001
0.001	0.916	0.082	0.001
>CGCACTTT	5-CGCACTTT	7.595554	-207.495661	0	T:49.0(5.52%),B:0.7(0.02%),P:1e-90	Tpos:9.2,Tstd:4.5,Bpos:10.0,Bstd:0.0,StrandBias:10.0,Multiplicity:1.02
0.031	0.934	0.001	0.034
0.001	0.001	0.997	0.001
0.001	0.997	0.001	0.001
0.997	0.001	0.001	0.001
0.001	0.997	0.001	0.001
0.001	0.001	0.001	0.997
0.001	0.001	0.001	0.997
0.001	0.001	0.001	0.997
>TGCTGCTR	6-TGCTGCTR	6.635379	-200.472667	0	T:122.0(13.75%),B:36.6(1.18%),P:1e-87	Tpos:9.7,Tstd:4.4,Bpos:7.3,Bstd:2.9,StrandBias:10.0,Multiplicity:1.00
0.001	0.059	0.261	0.679
0.001	0.001	0.821	0.177
0.119	0.487	0.335	0.059
0.118	0.001	0.059	0.822
0.252	0.001	0.688	0.059
0.001	0.763	0.118	0.118
0.059	0.059	0.119	0.763
0.424	0.189	0.312	0.075
>BACCTACC	7-BACCTACC	7.236115	-171.579457	0	T:42.0(4.74%),B:0.9(0.03%),P:1e-74	Tpos:8.3,Tstd:3.3,Bpos:8.2,Bstd:2.3,StrandBias:10.0,Multiplicity:1.05
0.001	0.255	0.364	0.380
0.634	0.001	0.001	0.364
0.379	0.619	0.001	0.001
0.001	0.997	0.001	0.001
0.001	0.001	0.001	0.997
0.824	0.001	0.001	0.174
0.001	0.997	0.001	0.001
0.001	0.824	0.001	0.174
>CACTTBAA	8-CACTTBAA	5.291992	-165.468877	0	T:73.0(8.23%),B:11.1(0.36%),P:1e-71	Tpos:9.8,Tstd:4.3,Bpos:8.4,Bstd:4.8,StrandBias:10.0,Multiplicity:1.04
0.071	0.739	0.001	0.189
0.997	0.001	0.001	0.001
0.001	0.997	0.001	0.001
0.001	0.001	0.001	0.997
0.001	0.001	0.001	0.997
0.001	0.367	0.266	0.367
0.997	0.001	0.001	0.001
0.834	0.002	0.001	0.163
>GGTGCAAT	9-GGTGCAAT	6.291044	-158.314637	0	T:50.0(5.64%),B:3.3(0.11%),P:1e-68	Tpos:7.8,Tstd:2.9,Bpos:9.4,Bstd:1.0,StrandBias:10.0,Multiplicity:1.00
0.100	0.100	0.700	0.100
0.100	0.100	0.700	0.100
0.100	0.100	0.100	0.700
0.100	0.100	0.700	0.100
0.100	0.700	0.100	0.100
0.700	0.100	0.100	0.100
0.700	0.100	0.100	0.100
0.100	0.100	0.100	0.700
>BTTGCACA	10-BTTGCACA	7.455433	-127.217840	0	T:33.0(3.72%),B:0.8(0.03%),P:1e-55	Tpos:8.6,Tstd:2.4,Bpos:16.3,Bstd:4.6,StrandBias:10.0,Multiplicity:1.06
0.001	0.367	0.367	0.266
0.001	0.001	0.001	0.997
0.001	0.001	0.001	0.997
0.001	0.001	0.997	0.001
0.001	0.997	0.001	0.001
0.997	0.001	0.001	0.001
0.001	0.997	0.001	0.001
0.747	0.148	0.101	0.004
>ATGTTACT	11-ATGTTACT	4.506742	-122.433342	0	T:32.0(3.61%),B:1.3(0.04%),P:1e-53	Tpos:7.9,Tstd:1.0,Bpos:6.0,Bstd:0.0,StrandBias:10.0,Multiplicity:1.00
0.934	0.064	0.001	0.001
0.001	0.001	0.001	0.997
0.001	0.001	0.997	0.001
0.001	0.001	0.001	0.997
0.001	0.001	0.001	0.997
0.997	0.001	0.001	0.001
0.001	0.997	0.001	0.001
0.001	0.022	0.001	0.976
>ACTGTGAT	12-ACTGTGAT	6.590789	-119.760604	0	T:75.0(8.46%),B:23.1(0.74%),P:1e-52	Tpos:9.2,Tstd:3.7,Bpos:10.8,Bstd:11.2,StrandBias:10.0,Multiplicity:1.00
0.706	0.123	0.001	0.170
0.001	0.997	0.001	0.001
0.001	0.001	0.001	0.997
0.001	0.001	0.997	0.001
0.001	0.001	0.001	0.997
0.001	0.001	0.997	0.001
0.997	0.001	0.001	0.001
0.170	0.001	0.092	0.737
>GGCCGGGA	13-GGCCGGGA	3.414401	-92.434223	0	T:30.0(3.38%),B:2.2(0.07%),P:1e-40	Tpos:9.9,Tstd:5.0,Bpos:8.2,Bstd:0.3,StrandBias:10.0,Multiplicity:1.00
0.001	0.040	0.792	0.167
0.001	0.001	0.997	0.001
0.039	0.959	0.001	0.001
0.001	0.997	0.001	0.001
0.001	0.001	0.997	0.001
0.001	0.001	0.997	0.001
0.001	0.001	0.997	0.001
0.491	0.167	0.244	0.098
>CCTGTTAC	14-CCTGTTAC	8.839407	-62.382706	0	T:27.0(3.04%),B:4.5(0.15%),P:1e-27	Tpos:7.1,Tstd:0.7,Bpos:10.0,Bstd:4.8,StrandBias:10.0,Multiplicity:1.00
0.001	0.769	0.229	0.001
0.001	0.997	0.001	0.001
0.001	0.001	0.001	0.997
0.001	0.001	0.997	0.001
0.001	0.001	0.001	0.997
0.001	0.001	0.391	0.607
0.769	0.001	0.229	0.001
0.001	0.997	0.001	0.001
>TTGCACWK	15-TTGCACWK	8.842614	-52.927837	0	T:24.0(2.71%),B:4.7(0.15%),P:1e-22	Tpos:8.0,Tstd:0.0,Bpos:13.6,Bstd:3.3,StrandBias:10.0,Multiplicity:1.00
0.001	0.164	0.001	0.834
0.001	0.001	0.277	0.721
0.001	0.001	0.997	0.001
0.001	0.721	0.001	0.277
0.997	0.001	0.001	0.001
0.001	0.997	0.001	0.001
0.555	0.001	0.001	0.443
0.001	0.001	0.555	0.443
>TTTGCACT	16-TTTGCACT	8.129897	-44.737451	0	T:27.0(3.04%),B:8.6(0.28%),P:1e-19	Tpos:9.8,Tstd:5.0,Bpos:7.0,Bstd:5.8,StrandBias:10.0,Multiplicity:1.04
0.066	0.066	0.001	0.867
0.001	0.001	0.001	0.997
0.001	0.001	0.065	0.933
0.001	0.001	0.997	0.001
0.001	0.997	0.001	0.001
0.997	0.001	0.001	0.001
0.065	0.933	0.001	0.001
0.001	0.001	0.001	0.997
>GGCACTTT	17-GGCACTTT	9.013597	-34.043704	0	T:16.0(1.80%),B:3.6(0.11%),P:1e-14	Tpos:7.7,Tstd:3.0,Bpos:7.0,Bstd:2.0,StrandBias:10.0,Multiplicity:1.00
0.001	0.001	0.997	0.001
0.128	0.001	0.743	0.128
0.001	0.997	0.001	0.001
0.997	0.001	0.001	0.001
0.001	0.997	0.001	0.001
0.001	0.001	0.001	0.997
0.001	0.001	0.001	0.997
0.001	0.001	0.001	0.997
>ACTTGASS	18-ACTTGASS	7.050208	-34.043704	0	T:16.0(1.80%),B:3.8(0.12%),P:1e-14	Tpos:9.7,Tstd:5.0,Bpos:10.6,Bstd:3.0,StrandBias:10.0,Multiplicity:1.00
0.824	0.001	0.174	0.001
0.001	0.824	0.001	0.174
0.001	0.001	0.174	0.824
0.001	0.001	0.001	0.997
0.001	0.001	0.997	0.001
0.824	0.174	0.001	0.001
0.041	0.349	0.435	0.175
0.001	0.418	0.406	0.174
>GTGTTGCT	19-GTGTTGCT	8.236954	-18.374639	0	T:9.0(1.01%),B:2.9(0.09%),P:1e-7	Tpos:7.0,Tstd:0.0,Bpos:9.0,Bstd:0.0,StrandBias:10.0,Multiplicity:1.00
0.100	0.100	0.700	0.100
0.100	0.100	0.100	0.700
0.100	0.100	0.700	0.100
0.100	0.100	0.100	0.700
0.100	0.100	0.100	0.700
0.100	0.100	0.700	0.100
0.100	0.700	0.100	0.100
0.100	0.100	0.100	0.700
>TCGGAGCT	20-TCGGAGCT	6.291044	-8.060617	0	T:5.0(0.56%),B:2.1(0.07%),P:1e-3	Tpos:17.0,Tstd:14.0,Bpos:7.4,Bstd:2.3,StrandBias:10.0,Multiplicity:1.40
0.100	0.100	0.100	0.700
0.100	0.700	0.100	0.100
0.100	0.100	0.700	0.100
0.100	0.100	0.700	0.100
0.700	0.100	0.100	0.100
0.100	0.100	0.700	0.100
0.100	0.700	0.100	0.100
0.100	0.100	0.100	0.700
>TTGTGAAA	21-TTGTGAAA	11.066318	-4.469280	0	T:4.0(0.45%),B:3.4(0.11%),P:1e-1	Tpos:7.0,Tstd:0.0,Bpos:10.7,Bstd:2.7,StrandBias:10.0,Multiplicity:1.00
0.001	0.001	0.001	0.997
0.001	0.001	0.001	0.997
0.001	0.001	0.997	0.001
0.001	0.001	0.001	0.997
0.001	0.001	0.997	0.001
0.997	0.001	0.001	0.001
0.997	0.001	0.001	0.001
0.997	0.001	0.001	0.001
