>MAAGAAGG	1-MAAGAAGG	6.448434	-73.711305	0	T:28.0(28.00%),B:2.0(0.98%),P:1e-32	Tpos:18.2,Tstd:13.1,Bpos:27.4,Bstd:8.9,StrandBias:10.0,Multiplicity:1.44
0.502	0.496	0.001	0.001
0.997	0.001	0.001	0.001
0.997	0.001	0.001	0.001
0.283	0.001	0.715	0.001
0.997	0.001	0.001	0.001
0.997	0.001	0.001	0.001
0.090	0.001	0.908	0.001
0.302	0.001	0.586	0.111
>AAAARGGG	2-AAAARGGG	3.469422	-55.858220	0	T:23.0(23.00%),B:2.4(1.16%),P:1e-24	Tpos:17.9,Tstd:8.0,Bpos:21.4,Bstd:7.8,StrandBias:10.0,Multiplicity:1.00
0.997	0.001	0.001	0.001
0.997	0.001	0.001	0.001
0.997	0.001	0.001	0.001
0.997	0.001	0.001	0.001
0.499	0.001	0.499	0.001
0.001	0.001	0.997	0.001
0.001	0.001	0.997	0.001
0.001	0.001	0.997	0.001
>GAGGAGAG	3-GAGGAGAG	6.220091	-39.263340	0	T:29.0(29.00%),B:8.4(4.03%),P:1e-17	Tpos:32.4,Tstd:20.1,Bpos:15.8,Bstd:3.2,StrandBias:10.0,Multiplicity:1.64
0.001	0.001	0.997	0.001
0.726	0.001	0.272	0.001
0.218	0.001	0.780	0.001
0.001	0.001	0.997	0.001
0.942	0.001	0.056	0.001
0.001	0.001	0.997	0.001
0.997	0.001	0.001	0.001
0.139	0.001	0.859	0.001
>ATCTTGCC	4-ATCTTGCC	6.291044	-33.215741	0	T:13.0(13.00%),B:0.3(0.13%),P:1e-14	Tpos:8.1,Tstd:3.7,Bpos:11.5,Bstd:1.7,StrandBias:10.0,Multiplicity:1.00
0.700	0.100	0.100	0.100
0.100	0.100	0.100	0.700
0.100	0.700	0.100	0.100
0.100	0.100	0.100	0.700
0.100	0.100	0.100	0.700
0.100	0.100	0.700	0.100
0.100	0.700	0.100	0.100
0.100	0.700	0.100	0.100
>GGAGRARR	5-GGAGRARR	7.133994	-32.481077	0	T:26.0(26.00%),B:8.6(4.14%),P:1e-14	Tpos:26.7,Tstd:15.5,Bpos:24.3,Bstd:1.5,StrandBias:10.0,Multiplicity:1.69
0.271	0.053	0.628	0.048
0.292	0.038	0.657	0.013
0.816	0.013	0.152	0.019
0.175	0.007	0.805	0.013
0.525	0.006	0.450	0.019
0.626	0.001	0.348	0.025
0.422	0.019	0.515	0.044
0.434	0.019	0.509	0.038
>TCCAGAAG	6-TCCAGAAG	3.073986	-29.797490	0	T:12.0(12.00%),B:1.7(0.83%),P:1e-12	Tpos:9.6,Tstd:7.6,Bpos:26.2,Bstd:5.4,StrandBias:10.0,Multiplicity:1.22
0.001	0.001	0.001	0.997
0.367	0.631	0.001	0.001
0.001	0.795	0.203	0.001
0.997	0.001	0.001	0.001
0.001	0.001	0.997	0.001
0.795	0.001	0.203	0.001
0.997	0.001	0.001	0.001
0.163	0.001	0.835	0.001
>TTGAAGAA	7-TTGAAGAA	6.291044	-17.107184	0	T:8.0(8.00%),B:0.6(0.29%),P:1e-7	Tpos:9.6,Tstd:7.1,Bpos:27.2,Bstd:4.6,StrandBias:10.0,Multiplicity:1.00
0.100	0.100	0.100	0.700
0.100	0.100	0.100	0.700
0.100	0.100	0.700	0.100
0.700	0.100	0.100	0.100
0.700	0.100	0.100	0.100
0.100	0.100	0.700	0.100
0.700	0.100	0.100	0.100
0.700	0.100	0.100	0.100
>AGAGAGTG	8-AGAGAGTG	10.406968	-6.517759	0	T:4.0(4.00%),B:0.0(0.00%),P:1e-2	Tpos:43.6,Tstd:12.1,Bpos:0.0,Bstd:0.0,StrandBias:10.0,Multiplicity:1.25
0.997	0.001	0.001	0.001
0.001	0.001	0.997	0.001
0.717	0.001	0.001	0.281
0.001	0.001	0.997	0.001
0.997	0.001	0.001	0.001
0.001	0.001	0.997	0.001
0.281	0.001	0.001	0.717
0.001	0.001	0.997	0.001
>AGRGAGAG	9-AGRGAGAG	7.544716	-4.615857	0	T:26.0(26.00%),B:34.6(16.72%),P:1e-2	Tpos:26.7,Tstd:15.3,Bpos:30.0,Bstd:30.0,StrandBias:10.0,Multiplicity:1.37
0.668	0.071	0.142	0.119
0.266	0.142	0.548	0.044
0.460	0.035	0.364	0.140
0.222	0.044	0.655	0.079
0.779	0.035	0.185	0.001
0.212	0.035	0.752	0.001
0.717	0.035	0.142	0.106
0.071	0.071	0.787	0.071
