>RWKGTGCT	1-RWKGTGCT	5.808793	-123.156191	0	T:37.0(14.51%),B:2.6(0.30%),P:1e-53	Tpos:11.7,Tstd:7.6,Bpos:16.8,Bstd:1.7,StrandBias:10.0,Multiplicity:1.06
0.352	0.125	0.349	0.174
0.442	0.085	0.001	0.472
0.001	0.085	0.470	0.444
0.191	0.201	0.607	0.001
0.172	0.001	0.001	0.826
0.001	0.001	0.997	0.001
0.085	0.569	0.261	0.085
0.261	0.085	0.001	0.653
>CTGCTACR	2-CTGCTACR	2.933754	-118.985761	0	T:31.0(12.16%),B:1.3(0.15%),P:1e-51	Tpos:9.5,Tstd:2.4,Bpos:8.5,Bstd:0.4,StrandBias:10.0,Multiplicity:1.00
0.014	0.950	0.001	0.035
0.367	0.001	0.001	0.631
0.001	0.001	0.997	0.001
0.001	0.734	0.001	0.264
0.001	0.001	0.001	0.997
0.997	0.001	0.001	0.001
0.013	0.985	0.001	0.001
0.518	0.014	0.381	0.087
>CTGAKCCT	3-CTGAKCCT	6.611977	-81.512663	0	T:27.0(10.59%),B:2.5(0.28%),P:1e-35	Tpos:11.6,Tstd:7.7,Bpos:12.8,Bstd:8.5,StrandBias:10.0,Multiplicity:1.04
0.001	0.654	0.001	0.344
0.344	0.001	0.001	0.654
0.001	0.001	0.997	0.001
0.997	0.001	0.001	0.001
0.001	0.001	0.571	0.427
0.001	0.654	0.344	0.001
0.201	0.715	0.001	0.083
0.100	0.001	0.124	0.775
>GCAATATH	4-GCAATATH	3.136326	-64.028469	0	T:19.0(7.45%),B:1.9(0.21%),P:1e-27	Tpos:11.6,Tstd:6.7,Bpos:14.1,Bstd:3.7,StrandBias:10.0,Multiplicity:1.00
0.001	0.001	0.997	0.001
0.001	0.997	0.001	0.001
0.997	0.001	0.001	0.001
0.608	0.390	0.001	0.001
0.001	0.001	0.070	0.928
0.608	0.001	0.001	0.390
0.009	0.001	0.001	0.989
0.279	0.269	0.102	0.350
>CTACCTCA	5-CTACCTCA	6.291044	-62.154618	0	T:22.0(8.63%),B:2.9(0.33%),P:1e-26	Tpos:8.0,Tstd:1.0,Bpos:12.3,Bstd:7.0,StrandBias:10.0,Multiplicity:1.00
0.100	0.700	0.100	0.100
0.100	0.100	0.100	0.700
0.700	0.100	0.100	0.100
0.100	0.700	0.100	0.100
0.100	0.700	0.100	0.100
0.100	0.100	0.100	0.700
0.100	0.700	0.100	0.100
0.700	0.100	0.100	0.100
>HWGCTGCT	6-HWGCTGCT	7.012910	-47.357594	0	T:36.0(14.12%),B:16.0(1.80%),P:1e-20	Tpos:9.6,Tstd:4.7,Bpos:12.3,Bstd:6.9,StrandBias:10.0,Multiplicity:1.04
0.291	0.400	0.011	0.298
0.333	0.124	0.124	0.418
0.124	0.062	0.813	0.001
0.124	0.752	0.062	0.062
0.064	0.001	0.001	0.934
0.001	0.061	0.937	0.001
0.001	0.937	0.061	0.001
0.061	0.001	0.001	0.937
>TGAAGGTC	7-TGAAGGTC	5.795680	-37.176872	0	T:15.0(5.88%),B:2.9(0.33%),P:1e-16	Tpos:9.9,Tstd:4.7,Bpos:13.0,Bstd:3.7,StrandBias:10.0,Multiplicity:1.00
0.001	0.268	0.001	0.730
0.001	0.001	0.997	0.001
0.607	0.001	0.391	0.001
0.689	0.001	0.309	0.001
0.001	0.001	0.997	0.001
0.001	0.040	0.958	0.001
0.339	0.001	0.041	0.619
0.001	0.577	0.421	0.001
>NTGAGCCA	8-NTGAGCCA	6.502149	-31.246378	0	T:19.0(7.45%),B:6.7(0.75%),P:1e-13	Tpos:9.4,Tstd:3.8,Bpos:15.9,Bstd:14.5,StrandBias:10.0,Multiplicity:1.00
0.269	0.194	0.269	0.269
0.268	0.001	0.001	0.730
0.001	0.001	0.997	0.001
0.997	0.001	0.001	0.001
0.001	0.001	0.997	0.001
0.001	0.997	0.001	0.001
0.112	0.886	0.001	0.001
0.649	0.349	0.001	0.001
>GACYTGAA	9-GACYTGAA	5.184658	-30.823314	0	T:22.0(8.63%),B:9.0(1.01%),P:1e-13	Tpos:8.7,Tstd:3.1,Bpos:5.9,Bstd:2.2,StrandBias:10.0,Multiplicity:1.00
0.042	0.140	0.646	0.172
0.859	0.001	0.139	0.001
0.001	0.859	0.139	0.001
0.001	0.493	0.139	0.367
0.001	0.001	0.001	0.997
0.001	0.001	0.997	0.001
0.859	0.001	0.001	0.139
0.520	0.139	0.001	0.340
>GTTTAGGT	10-GTTTAGGT	6.291044	-24.442795	0	T:9.0(3.53%),B:0.7(0.08%),P:1e-10	Tpos:10.0,Tstd:3.5,Bpos:14.4,Bstd:1.1,StrandBias:10.0,Multiplicity:1.00
0.100	0.100	0.700	0.100
0.100	0.100	0.100	0.700
0.100	0.100	0.100	0.700
0.100	0.100	0.100	0.700
0.700	0.100	0.100	0.100
0.100	0.100	0.700	0.100
0.100	0.100	0.700	0.100
0.100	0.100	0.100	0.700
>AGCAGTAT	11-AGCAGTAT	5.742646	-21.351178	0	T:10.0(3.92%),B:2.4(0.27%),P:1e-9	Tpos:7.3,Tstd:2.0,Bpos:12.3,Bstd:6.8,StrandBias:10.0,Multiplicity:1.00
0.997	0.001	0.001	0.001
0.001	0.001	0.997	0.001
0.001	0.585	0.001	0.413
0.997	0.001	0.001	0.001
0.001	0.001	0.585	0.413
0.001	0.001	0.240	0.758
0.758	0.240	0.001	0.001
0.049	0.020	0.020	0.911
>AATATGCT	12-AATATGCT	6.405098	-20.961593	0	T:8.0(3.14%),B:1.1(0.13%),P:1e-9	Tpos:6.7,Tstd:1.3,Bpos:10.0,Bstd:1.9,StrandBias:10.0,Multiplicity:1.00
0.666	0.269	0.064	0.001
0.997	0.001	0.001	0.001
0.269	0.269	0.001	0.462
0.462	0.269	0.269	0.001
0.001	0.001	0.268	0.730
0.001	0.001	0.997	0.001
0.001	0.934	0.064	0.001
0.001	0.001	0.001	0.997
>GGGGTGTG	13-GGGGTGTG	6.798918	-12.663882	0	T:8.0(3.14%),B:3.8(0.43%),P:1e-5	Tpos:9.6,Tstd:4.0,Bpos:9.1,Bstd:4.2,StrandBias:10.0,Multiplicity:1.00
0.167	0.001	0.831	0.001
0.001	0.250	0.748	0.001
0.174	0.001	0.582	0.243
0.001	0.001	0.997	0.001
0.354	0.001	0.001	0.644
0.001	0.001	0.997	0.001
0.385	0.017	0.001	0.597
0.064	0.001	0.934	0.001
>CGTATCGC	14-CGTATCGC	6.196758	-11.310128	0	T:5.0(1.96%),B:1.0(0.11%),P:1e-4	Tpos:6.0,Tstd:0.6,Bpos:7.9,Bstd:1.0,StrandBias:10.0,Multiplicity:1.00
0.001	0.799	0.001	0.199
0.200	0.001	0.599	0.200
0.399	0.001	0.001	0.599
0.997	0.001	0.001	0.001
0.001	0.001	0.001	0.997
0.001	0.799	0.199	0.001
0.001	0.001	0.997	0.001
0.001	0.799	0.199	0.001
>TCGCCTGC	15-TCGCCTGC	6.291044	-6.279509	0	T:5.0(1.96%),B:3.0(0.34%),P:1e-2	Tpos:12.0,Tstd:4.0,Bpos:12.7,Bstd:6.5,StrandBias:10.0,Multiplicity:1.00
0.100	0.100	0.100	0.700
0.100	0.700	0.100	0.100
0.100	0.100	0.700	0.100
0.100	0.700	0.100	0.100
0.100	0.700	0.100	0.100
0.100	0.100	0.100	0.700
0.100	0.100	0.700	0.100
0.100	0.700	0.100	0.100
