>CTACCTVR	1-CTACCTVR	6.087336	-541.677547	0	T:108.0(16.10%),B:1.7(0.08%),P:1e-235	Tpos:12.2,Tstd:10.1,Bpos:53.8,Bstd:22.4,StrandBias:10.0,Multiplicity:1.06
0.028	0.565	0.080	0.327
0.052	0.052	0.001	0.895
0.788	0.132	0.001	0.079
0.053	0.815	0.026	0.106
0.132	0.657	0.026	0.185
0.106	0.106	0.106	0.682
0.214	0.353	0.301	0.133
0.406	0.164	0.265	0.165
>GGTGCTAR	2-GGTGCTAR	6.605410	-325.179225	0	T:71.0(10.58%),B:1.4(0.06%),P:1e-141	Tpos:9.6,Tstd:3.4,Bpos:19.5,Bstd:7.5,StrandBias:10.0,Multiplicity:1.00
0.001	0.001	0.997	0.001
0.001	0.054	0.944	0.001
0.001	0.001	0.001	0.997
0.001	0.001	0.997	0.001
0.001	0.997	0.001	0.001
0.001	0.001	0.001	0.997
0.906	0.013	0.080	0.001
0.417	0.081	0.268	0.234
>TGCACTTC	3-TGCACTTC	4.074647	-218.574259	0	T:59.0(8.79%),B:2.1(0.09%),P:1e-94	Tpos:9.2,Tstd:2.8,Bpos:10.2,Bstd:1.8,StrandBias:10.0,Multiplicity:1.05
0.066	0.019	0.001	0.914
0.001	0.001	0.997	0.001
0.001	0.997	0.001	0.001
0.997	0.001	0.001	0.001
0.001	0.997	0.001	0.001
0.001	0.001	0.001	0.997
0.001	0.001	0.001	0.997
0.001	0.768	0.001	0.230
>ATGCTGCT	4-ATGCTGCT	5.501728	-195.535703	0	T:117.0(17.44%),B:33.4(1.48%),P:1e-84	Tpos:8.5,Tstd:4.1,Bpos:8.8,Bstd:5.2,StrandBias:10.0,Multiplicity:1.03
0.590	0.163	0.117	0.130
0.014	0.001	0.014	0.971
0.001	0.001	0.997	0.001
0.001	0.882	0.116	0.001
0.001	0.001	0.001	0.997
0.034	0.001	0.964	0.001
0.001	0.997	0.001	0.001
0.001	0.001	0.001	0.997
>KCAGTATT	5-KCAGTATT	6.760403	-180.585886	0	T:63.0(9.39%),B:5.2(0.23%),P:1e-78	Tpos:8.2,Tstd:2.4,Bpos:11.4,Bstd:2.3,StrandBias:10.0,Multiplicity:1.00
0.001	0.162	0.382	0.455
0.163	0.674	0.162	0.001
0.997	0.001	0.001	0.001
0.161	0.001	0.837	0.001
0.001	0.001	0.001	0.997
0.997	0.001	0.001	0.001
0.001	0.001	0.001	0.997
0.001	0.001	0.395	0.603
>TACCTMTW	6-TACCTMTW	7.129826	-175.491302	0	T:43.0(6.41%),B:0.3(0.01%),P:1e-76	Tpos:10.1,Tstd:3.4,Bpos:49.0,Bstd:0.0,StrandBias:10.0,Multiplicity:1.00
0.098	0.001	0.098	0.803
0.997	0.001	0.001	0.001
0.001	0.901	0.001	0.097
0.097	0.901	0.001	0.001
0.205	0.001	0.001	0.793
0.436	0.554	0.001	0.009
0.001	0.206	0.098	0.695
0.432	0.098	0.122	0.348
>TGTTACHT	7-TGTTACHT	7.151443	-154.820444	0	T:59.0(8.79%),B:6.4(0.28%),P:1e-67	Tpos:9.7,Tstd:3.4,Bpos:9.3,Bstd:4.9,StrandBias:10.0,Multiplicity:1.00
0.145	0.001	0.035	0.819
0.001	0.001	0.997	0.001
0.001	0.145	0.001	0.853
0.001	0.034	0.001	0.964
0.997	0.001	0.001	0.001
0.001	0.964	0.034	0.001
0.361	0.222	0.070	0.347
0.120	0.250	0.200	0.431
>GWGAGAGA	8-GWGAGAGA	7.370173	-116.783105	0	T:31.0(4.62%),B:1.7(0.07%),P:1e-50	Tpos:35.7,Tstd:16.8,Bpos:30.8,Bstd:16.7,StrandBias:10.0,Multiplicity:1.26
0.085	0.043	0.871	0.001
0.392	0.214	0.086	0.308
0.043	0.001	0.699	0.257
0.956	0.001	0.001	0.042
0.001	0.001	0.913	0.085
0.828	0.001	0.043	0.128
0.105	0.043	0.809	0.043
0.735	0.001	0.221	0.043
>CGTGCAAT	9-CGTGCAAT	6.291044	-91.566471	0	T:30.0(4.47%),B:2.5(0.11%),P:1e-39	Tpos:7.5,Tstd:2.9,Bpos:12.6,Bstd:6.2,StrandBias:10.0,Multiplicity:1.00
0.100	0.700	0.100	0.100
0.100	0.100	0.700	0.100
0.100	0.100	0.100	0.700
0.100	0.100	0.700	0.100
0.100	0.700	0.100	0.100
0.700	0.100	0.100	0.100
0.700	0.100	0.100	0.100
0.100	0.100	0.100	0.700
>ATTTGCAC	10-ATTTGCAC	7.404504	-72.090073	0	T:25.0(3.73%),B:2.9(0.13%),P:1e-31	Tpos:7.5,Tstd:2.4,Bpos:12.1,Bstd:5.5,StrandBias:10.0,Multiplicity:1.00
0.491	0.053	0.130	0.325
0.001	0.001	0.001	0.997
0.001	0.052	0.001	0.946
0.001	0.001	0.001	0.997
0.001	0.001	0.997	0.001
0.001	0.997	0.001	0.001
0.997	0.001	0.001	0.001
0.001	0.997	0.001	0.001
>ACTTTATC	11-ACTTTATC	8.541586	-46.576741	0	T:15.0(2.24%),B:1.0(0.04%),P:1e-20	Tpos:10.1,Tstd:3.5,Bpos:16.1,Bstd:3.2,StrandBias:10.0,Multiplicity:1.00
0.997	0.001	0.001	0.001
0.001	0.997	0.001	0.001
0.001	0.001	0.001	0.997
0.001	0.001	0.001	0.997
0.001	0.001	0.001	0.997
0.997	0.001	0.001	0.001
0.200	0.200	0.200	0.400
0.001	0.799	0.199	0.001
>GAKAGATA	12-GAKAGATA	7.691514	-37.131655	0	T:23.0(3.43%),B:7.4(0.33%),P:1e-16	Tpos:19.1,Tstd:10.8,Bpos:24.1,Bstd:10.9,StrandBias:10.0,Multiplicity:2.92
0.001	0.001	0.997	0.001
0.991	0.001	0.007	0.001
0.001	0.001	0.535	0.463
0.997	0.001	0.001	0.001
0.001	0.001	0.997	0.001
0.997	0.001	0.001	0.001
0.268	0.268	0.001	0.464
0.449	0.268	0.275	0.007
>YATAAGCT	13-YATAAGCT	9.297365	-34.953279	0	T:12.0(1.79%),B:0.0(0.00%),P:1e-15	Tpos:8.5,Tstd:4.5,Bpos:0.0,Bstd:0.0,StrandBias:10.0,Multiplicity:1.00
0.170	0.415	0.001	0.415
0.997	0.001	0.001	0.001
0.001	0.001	0.001	0.997
0.997	0.001	0.001	0.001
0.997	0.001	0.001	0.001
0.001	0.001	0.997	0.001
0.001	0.997	0.001	0.001
0.001	0.001	0.001	0.997
>GTGTGYGT	14-GTGTGYGT	7.403344	-31.545675	0	T:67.0(9.99%),B:78.9(3.48%),P:1e-13	Tpos:17.8,Tstd:9.5,Bpos:12.9,Bstd:16.5,StrandBias:10.0,Multiplicity:1.25
0.001	0.001	0.625	0.373
0.001	0.382	0.001	0.616
0.001	0.001	0.997	0.001
0.001	0.001	0.001	0.997
0.001	0.157	0.841	0.001
0.197	0.382	0.001	0.420
0.001	0.025	0.973	0.001
0.001	0.001	0.406	0.592
>ACCGGATT	15-ACCGGATT	7.197426	-30.012489	0	T:13.0(1.94%),B:2.7(0.12%),P:1e-13	Tpos:8.2,Tstd:3.8,Bpos:6.2,Bstd:2.2,StrandBias:10.0,Multiplicity:1.00
0.611	0.001	0.268	0.120
0.001	0.997	0.001	0.001
0.196	0.535	0.001	0.268
0.001	0.001	0.997	0.001
0.268	0.001	0.535	0.196
0.997	0.001	0.001	0.001
0.001	0.001	0.001	0.997
0.113	0.007	0.001	0.879
>ATSTGCAM	16-ATSTGCAM	6.207141	-27.831645	0	T:23.0(3.43%),B:11.1(0.49%),P:1e-12	Tpos:6.4,Tstd:0.5,Bpos:8.9,Bstd:2.8,StrandBias:10.0,Multiplicity:1.00
0.672	0.097	0.181	0.050
0.210	0.210	0.147	0.433
0.050	0.466	0.483	0.001
0.151	0.050	0.050	0.749
0.049	0.001	0.949	0.001
0.181	0.633	0.001	0.185
0.570	0.131	0.232	0.067
0.546	0.449	0.001	0.004
>GGTAGCGA	17-GGTAGCGA	3.445688	-27.602463	0	T:10.0(1.49%),B:1.0(0.05%),P:1e-11	Tpos:7.2,Tstd:1.5,Bpos:12.2,Bstd:3.8,StrandBias:10.0,Multiplicity:1.00
0.001	0.001	0.997	0.001
0.001	0.001	0.577	0.421
0.001	0.001	0.001	0.997
0.997	0.001	0.001	0.001
0.001	0.001	0.997	0.001
0.001	0.577	0.421	0.001
0.001	0.001	0.997	0.001
0.842	0.001	0.156	0.001
>SMGCTACT	18-SMGCTACT	7.651562	-24.067500	0	T:9.0(1.34%),B:1.8(0.08%),P:1e-10	Tpos:7.9,Tstd:4.2,Bpos:15.0,Bstd:0.0,StrandBias:10.0,Multiplicity:1.00
0.211	0.366	0.422	0.001
0.366	0.422	0.211	0.001
0.001	0.001	0.997	0.001
0.001	0.997	0.001	0.001
0.001	0.001	0.001	0.997
0.997	0.001	0.001	0.001
0.001	0.997	0.001	0.001
0.001	0.211	0.001	0.787
>CTGCTACA	19-CTGCTACA	8.610562	-12.731527	0	T:7.0(1.04%),B:2.7(0.12%),P:1e-5	Tpos:8.2,Tstd:0.4,Bpos:9.0,Bstd:0.0,StrandBias:10.0,Multiplicity:1.00
0.001	0.997	0.001	0.001
0.222	0.111	0.001	0.666
0.110	0.001	0.888	0.001
0.111	0.666	0.001	0.222
0.110	0.001	0.001	0.888
0.556	0.111	0.222	0.111
0.001	0.777	0.221	0.001
0.556	0.222	0.111	0.111
